11111                         _______     _______           1111111111111111                  1000001
1000011111                      100         001             1000100000000001                  1000001
100000000111111                  100       001              1000100000000001                  1000001
1000000000000001                  100     001               1000111111111111                  1000001
100000000001111                    100   001                10001                             1000001
1000001                             100 001                 10001111111                       1000001
1000001111111                        10001                  10001000001                       1000001
100000000000011111                    101                   10001111111                       1000001
1000000000000000001                   101                   10001                             1000001
100000000000000011                    101                   10001                             1111111
1000000000000001                      101                   10001
100000000000111                       101                   1000111111111111                  1111111
100000000001                          101                   1000100000000001                  1000001
10000001111                           101                   1000000000000001                  1000001
 111111                               101                   1111111111111111                  1111111